0000000000000
1111111111111
1111000000000
0111111100000
0000000000011
1111001111111
1111111111111
0011111111111
0000000000000
1100000110001
1111111111110
1111111111111
1000000011100
1111111111111
1111111111111
1111111111110
1111111111111
1111111111100
0000000000000
1000000000000
1001111111111
0000010000000
1000001110001
1111111111111
1111111111110
0000000000000
0000000000000
0000000000000
1111111111111
0000001111111
0000000000011
1111111111110
0000000000000
0000000000000
0000000000000
0000001110000
1100000000000
1100001111110
1111100000000
1111111111110
0001110000000
1111111111111
1111111111111
0000111111111
0000000011111
0001111111100
1110000000000
1111111111111
0000000000000
1111111111111
1111100000000
0000000000000
0000000000000
1100011111111
0000000000000
1111111111111
0000000000000
0111111111111
1111111000000
1111111111111
0000000000000
0000000000000
1111111111111
1111111111111
1111111111111
0001111111111
0000000000000
1111111000000
1111111111111
0000000000011
0000000000000
0000000000001
1111110000000
0000100000000
1111111111111
1111111111111
0000000000000
1111111111111
1111111000011
1111111111111
1111111111111
0000000000000
1000000000011
0000001111111
1111111111111
1111111111111
0000000000000
0000000000000
0000000000000
1111111111111
1111111111111
1111111111111
1111111110000
0110011111111
1111111111111
0000000000000
0000000000111
0011111111100
0000111111100
0000000000000